737.0	845.0
10965.0	11029.0
13297.0	13361.0
16873.0	16929.0
17889.0	17965.0
21565.0	21789.0
27657.0	28077.0
34009.0	34061.0
34185.0	34273.0
35481.0	35549.0
35681.0	35761.0
36125.0	36177.0
38693.0	38773.0
43430.0	43618.0
44754.0	44894.0
47658.0	47774.0
48706.0	48850.0
52858.0	53046.0
55178.0	55274.0
56282.0	56350.0
58498.0	58774.0
61114.0	61326.0
65410.0	65546.0
69082.0	69370.0
70114.0	70254.0
71178.0	71250.0
72698.0	72782.0
73946.0	74102.0
74250.0	74302.0
77338.0	77510.0
79834.0	80002.0
83106.0	83494.0
85246.0	85386.0
86778.0	86978.0
87250.0	87354.0
91494.0	91610.0
92894.0	93206.0
94458.0	94758.0
96474.0	96610.0
97426.0	97478.0
99506.0	99658.0
101254.0	101406.0
106358.0	106494.0
109046.0	109098.0
109666.0	110210.0
111914.0	112042.0
112154.0	112214.0
113890.0	113986.0
116114.0	116186.0
123658.0	123734.0
126722.0	127018.0
127930.0	127986.0
128338.0	128478.0
128778.0	128914.0
129210.0	129262.0
135930.0	136018.0
136366.0	136430.0
137842.0	137982.0
139090.0	139206.0
142594.0	142758.0
144014.0	144158.0
147182.0	147318.0
150302.0	150354.0
153570.0	153670.0
154850.0	155090.0
155202.0	155282.0
158926.0	159110.0
160898.0	160966.0
161146.0	161434.0
161754.0	161814.0
163202.0	163274.0
165418.0	165518.0
166962.0	167098.0
167874.0	168302.0
170106.0	170182.0
181502.0	181634.0
184874.0	184930.0
185234.0	185298.0
185694.0	185750.0
186790.0	186974.0
193678.0	193742.0
194834.0	194918.0
196386.0	196470.0
198790.0	198890.0
201850.0	201914.0
202618.0	202694.0
204554.0	204658.0
205942.0	206034.0
207282.0	207334.0
210366.0	210446.0
212030.0	212170.0
216262.0	216610.0
217010.0	217074.0
218558.0	218622.0
218746.0	218998.0
220570.0	220722.0
223074.0	223162.0
227214.0	227294.0
227546.0	227606.0
227750.0	227806.0
228434.0	228534.0
230046.0	230130.0
232166.0	232386.0
233782.0	233858.0
234106.0	234234.0
234538.0	234730.0
238478.0	238542.0
241426.0	241518.0
242782.0	242866.0
246894.0	246994.0
249690.0	249742.0
252702.0	252854.0
253634.0	253766.0
253938.0	254250.0
255142.0	255270.0
256134.0	256342.0
256610.0	256686.0
259186.0	259322.0
259774.0	259862.0
263330.0	263398.0
265198.0	265310.0
267618.0	267682.0
268010.0	268110.0
271618.0	271754.0
273802.0	273938.0
274394.0	274486.0
274794.0	274862.0
277618.0	277734.0
277874.0	277974.0
281554.0	281630.0
282262.0	282334.0
285482.0	286046.0
288454.0	288614.0
292154.0	292394.0
296266.0	296406.0
296858.0	296938.0
299274.0	299458.0
300838.0	300894.0
301234.0	301294.0
303038.0	303090.0
303214.0	303354.0
304098.0	304170.0
304438.0	304566.0
304858.0	304942.0
307698.0	307870.0
309162.0	309270.0
310222.0	310278.0
312678.0	312730.0
315534.0	315758.0
316250.0	316374.0
316566.0	316642.0
322530.0	322586.0
323022.0	323166.0
323274.0	323362.0
324726.0	324794.0
326490.0	326582.0
326706.0	326798.0
329170.0	329326.0
331310.0	331362.0
333382.0	333542.0
337194.0	337258.0
337378.0	337542.0
338678.0	338850.0
340038.0	340114.0
340402.0	340642.0
340774.0	340830.0
342674.0	342802.0
347474.0	347570.0
348574.0	348658.0
349734.0	349790.0
353910.0	354030.0
354642.0	354702.0
356206.0	356270.0
356422.0	356486.0
357230.0	357390.0
360326.0	360382.0
361206.0	361350.0
364162.0	364302.0
367850.0	367946.0
370898.0	371078.0
371206.0	371258.0
373510.0	373678.0
377922.0	378142.0
379606.0	379742.0
380770.0	380962.0
383074.0	383322.0
384906.0	385110.0
386398.0	386462.0
386590.0	386714.0
389554.0	389606.0
391530.0	391818.0
394694.0	394846.0
397386.0	397474.0
400154.0	400330.0
405442.0	405606.0
406694.0	406762.0
408174.0	408334.0
409994.0	410158.0
410286.0	410422.0
412538.0	412718.0
413658.0	413806.0
415958.0	416130.0
417850.0	418074.0
421706.0	421890.0
424390.0	424582.0
426150.0	426430.0
430054.0	430230.0
431754.0	431866.0
431982.0	432110.0
436518.0	436674.0
436786.0	436918.0
438750.0	438846.0
440346.0	440402.0
441218.0	441374.0
443734.0	443814.0
443922.0	444006.0
444410.0	444638.0
445894.0	446042.0
446834.0	446890.0
446990.0	447054.0
448962.0	449138.0
451650.0	451718.0
453534.0	453662.0
458102.0	458162.0
463978.0	464066.0
464558.0	464698.0
467674.0	467774.0
468054.0	468158.0
471678.0	471842.0
472402.0	472670.0
474498.0	474558.0
479290.0	479378.0
480050.0	480114.0
481770.0	481874.0
487002.0	487174.0
487530.0	487598.0
489806.0	489942.0
490898.0	491102.0
492990.0	493062.0
493246.0	493346.0
494582.0	494738.0
497226.0	497342.0
502538.0	502682.0
504494.0	504586.0
505138.0	505750.0
507674.0	507730.0
511254.0	511634.0
514722.0	515086.0
516898.0	517022.0
517338.0	517398.0
517550.0	517606.0
518898.0	519038.0
520542.0	520650.0
520914.0	521006.0
522634.0	522910.0
524994.0	525106.0
528714.0	528842.0
531290.0	531434.0
533818.0	533962.0
537002.0	537054.0
537202.0	537338.0
544406.0	544554.0
544810.0	544934.0
546482.0	546586.0
550290.0	550446.0
552914.0	553114.0
554658.0	554778.0
558762.0	558886.0
559834.0	559938.0
560746.0	560874.0
566282.0	566450.0
566558.0	566630.0
569658.0	569782.0
571342.0	571394.0
571850.0	571914.0
572070.0	572158.0
572938.0	573078.0
574826.0	575022.0
579950.0	580022.0
583594.0	583650.0
584082.0	584266.0
586414.0	586630.0
592658.0	592730.0
594214.0	594334.0
600834.0	600890.0
602442.0	602598.0
605174.0	605314.0
606218.0	606554.0
609234.0	609410.0
611822.0	611958.0
616954.0	617158.0
618498.0	618662.0
619210.0	619262.0
619362.0	619630.0
624466.0	624646.0
628018.0	628142.0
628266.0	628318.0
630490.0	630578.0
630702.0	630786.0
631850.0	632110.0
633626.0	633766.0
636802.0	636854.0
638774.0	639026.0
642186.0	642334.0
644374.0	644514.0
644958.0	645014.0
648550.0	648654.0
649054.0	649282.0
654082.0	654166.0
656690.0	656782.0
658506.0	658590.0
663674.0	663798.0
665458.0	665514.0
665658.0	665734.0
667306.0	667358.0
667522.0	667574.0
667678.0	667846.0
672462.0	672610.0
672714.0	672778.0
675690.0	675858.0
678838.0	679222.0
681014.0	681082.0
681294.0	681362.0
682242.0	682406.0
683666.0	683854.0
685370.0	685422.0
685534.0	685654.0
689374.0	689566.0
690362.0	690478.0
692286.0	692358.0
701010.0	701090.0
710278.0	710374.0
712610.0	712770.0
716886.0	717050.0
720290.0	720478.0
721738.0	721858.0
722686.0	722870.0
727274.0	727462.0
733506.0	733702.0
736230.0	736294.0
737894.0	737946.0
738134.0	738306.0
741786.0	741918.0
742374.0	742706.0
745410.0	745558.0
749062.0	749166.0
755122.0	755282.0
757670.0	757806.0
759538.0	759738.0
761302.0	761518.0
762190.0	762242.0
762474.0	762542.0
766654.0	766814.0
768058.0	768254.0
770334.0	770390.0
770598.0	770650.0
772258.0	772446.0
774286.0	774406.0
775482.0	775610.0
779466.0	779526.0
779766.0	780006.0
780658.0	780754.0
781554.0	781746.0
783294.0	783458.0
783578.0	783662.0
786922.0	787098.0
792290.0	792466.0
795382.0	795454.0
796906.0	797134.0
798466.0	798526.0
800770.0	800890.0
802002.0	802070.0
802394.0	802530.0
803498.0	803610.0
804227.0	804343.0
807059.0	807255.0
807547.0	807599.0
807731.0	807783.0
810867.0	810955.0
813763.0	813915.0
817059.0	817199.0
818583.0	818659.0
818763.0	818819.0
820259.0	820387.0
820803.0	820915.0
825703.0	825919.0
826179.0	826231.0
830779.0	831011.0
832135.0	832343.0
832523.0	832607.0
836715.0	836999.0
837547.0	837603.0
841103.0	841275.0
841859.0	841915.0
842235.0	842395.0
842731.0	842783.0
844767.0	844871.0
845855.0	845911.0
846059.0	846123.0
847191.0	847335.0
847451.0	847503.0
848291.0	848399.0
849439.0	849587.0
850111.0	850243.0
851871.0	852055.0
853143.0	853307.0
854639.0	854711.0
854823.0	854939.0
860411.0	860579.0
860859.0	860999.0
866647.0	866827.0
866939.0	867047.0
868163.0	868271.0
869987.0	870083.0
874267.0	874387.0
875379.0	875523.0
877859.0	878027.0
880751.0	880911.0
882271.0	882455.0
882623.0	882683.0
884215.0	884335.0
888791.0	888939.0
891719.0	891987.0
894259.0	894423.0
896443.0	896583.0
898399.0	898587.0
898719.0	898775.0
900015.0	900219.0
901235.0	901635.0
903015.0	903103.0
903947.0	904435.0
908263.0	908439.0
908939.0	909199.0
912547.0	912759.0
915287.0	915391.0
915843.0	915943.0
921319.0	921455.0
922923.0	923023.0
925211.0	925503.0
925643.0	925695.0
930371.0	930727.0
931251.0	931511.0
939451.0	939587.0
943435.0	943599.0
944435.0	944543.0
949235.0	949451.0
949607.0	949719.0
954175.0	954243.0
956703.0	956763.0
958171.0	958279.0
960247.0	960419.0
960679.0	960839.0
967787.0	967867.0
967987.0	968167.0
970051.0	970115.0
976311.0	976371.0
976495.0	976615.0
978315.0	978687.0
978911.0	979247.0
979571.0	979699.0
980799.0	980879.0
981475.0	981619.0
986571.0	986687.0
988307.0	988359.0
988563.0	988631.0
989563.0	989743.0
994907.0	995011.0
995143.0	995199.0
996971.0	997091.0
997379.0	997431.0
1000883.0	1001083.0
1003267.0	1003411.0
1003683.0	1003935.0
1004195.0	1004303.0
1004519.0	1004575.0
1006943.0	1007051.0
1009755.0	1009871.0
1010023.0	1010079.0
1010867.0	1011043.0
1015067.0	1015295.0
1017575.0	1017759.0
1018811.0	1018955.0
1019195.0	1019343.0
1023295.0	1023383.0
1025651.0	1025719.0
1025843.0	1025971.0
1028711.0	1029007.0
1031335.0	1031527.0
1033967.0	1034039.0
1034327.0	1034467.0
1036543.0	1036747.0
1039483.0	1039695.0
1041539.0	1041607.0
1043287.0	1043519.0
1044575.0	1044711.0
1046023.0	1046131.0
1049271.0	1049347.0
1050987.0	1051039.0
1053659.0	1053783.0
1064407.0	1064483.0
1070947.0	1071071.0
1073175.0	1073311.0
1074011.0	1074143.0
1076563.0	1076719.0
1078111.0	1078207.0
1079651.0	1079751.0
1083919.0	1084023.0
1091111.0	1091223.0
