665.0	721.0
2369.0	2441.0
6953.0	7005.0
10233.0	10405.0
17809.0	17961.0
18777.0	18861.0
20509.0	20629.0
22137.0	22249.0
23349.0	23825.0
27237.0	27293.0
27557.0	27741.0
31705.0	31873.0
34969.0	35037.0
35177.0	35249.0
35401.0	35489.0
36745.0	36897.0
38833.0	38997.0
41269.0	41429.0
45285.0	45381.0
48449.0	48581.0
49345.0	49493.0
53645.0	53781.0
56298.0	56366.0
58902.0	59062.0
61946.0	62042.0
62986.0	63038.0
63642.0	63758.0
64354.0	64462.0
67258.0	67526.0
69462.0	69542.0
73206.0	73314.0
73750.0	73826.0
76542.0	76806.0
79034.0	79142.0
81262.0	81422.0
82330.0	82422.0
84298.0	84590.0
87306.0	87486.0
91290.0	91426.0
92358.0	92494.0
93603.0	93719.0
94779.0	94875.0
95547.0	95647.0
97171.0	97231.0
98687.0	98871.0
107615.0	107907.0
108067.0	108119.0
110551.0	110615.0
112107.0	112287.0
114775.0	114923.0
115735.0	115895.0
120991.0	121131.0
123363.0	123575.0
124291.0	124371.0
129603.0	129751.0
131327.0	131479.0
140239.0	140335.0
141811.0	141927.0
144163.0	144295.0
147971.0	148191.0
148987.0	149091.0
149259.0	149383.0
150503.0	150555.0
150687.0	150799.0
156331.0	156511.0
157639.0	157827.0
159107.0	159159.0
159387.0	159447.0
159727.0	159851.0
159967.0	160019.0
163031.0	163331.0
165199.0	165319.0
165499.0	165587.0
166119.0	166351.0
167523.0	167739.0
173147.0	173279.0
174419.0	174503.0
180523.0	180647.0
182195.0	182347.0
185847.0	185963.0
187403.0	187459.0
190227.0	190291.0
191023.0	191083.0
193427.0	193655.0
196571.0	196715.0
200271.0	200423.0
202203.0	202255.0
202559.0	202667.0
205267.0	205319.0
205647.0	205707.0
206359.0	206551.0
208699.0	208899.0
210163.0	210255.0
213791.0	213867.0
216127.0	216227.0
217315.0	217475.0
226179.0	226319.0
227651.0	227711.0
228379.0	228439.0
228575.0	228739.0
229875.0	230111.0
234571.0	234691.0
235999.0	236095.0
238203.0	238303.0
238595.0	238651.0
245231.0	245367.0
249467.0	249519.0
249623.0	249823.0
254363.0	254511.0
255423.0	255499.0
257291.0	257447.0
266015.0	266071.0
269191.0	269295.0
270199.0	270267.0
270827.0	270943.0
272123.0	272271.0
276763.0	276815.0
277111.0	277479.0
278411.0	278559.0
280571.0	280759.0
281411.0	281467.0
284011.0	284151.0
284263.0	284367.0
286003.0	286103.0
288255.0	288403.0
289435.0	289559.0
291727.0	291895.0
293099.0	293187.0
295719.0	295847.0
299791.0	299927.0
303443.0	303579.0
304131.0	304279.0
306339.0	306511.0
307235.0	307383.0
310243.0	310315.0
310579.0	310915.0
311955.0	312155.0
313059.0	313163.0
314423.0	314587.0
316591.0	316763.0
317207.0	317271.0
318999.0	319059.0
319923.0	320003.0
321527.0	321723.0
324015.0	324075.0
324691.0	324771.0
325827.0	325923.0
328675.0	328791.0
330699.0	330775.0
334503.0	334811.0
337639.0	337799.0
343139.0	343247.0
345779.0	345971.0
346995.0	347143.0
349447.0	349559.0
350479.0	350543.0
352367.0	352499.0
352771.0	352983.0
355555.0	355719.0
357199.0	357267.0
359255.0	359407.0
361935.0	362083.0
364079.0	364295.0
366047.0	366147.0
366639.0	366711.0
368319.0	368407.0
368555.0	368647.0
371263.0	371355.0
374891.0	375015.0
377243.0	377399.0
381331.0	381479.0
383235.0	383423.0
384727.0	384851.0
388751.0	388835.0
389803.0	389915.0
392039.0	392119.0
393731.0	393911.0
394839.0	394903.0
395839.0	395975.0
397735.0	398143.0
400339.0	400391.0
401439.0	401495.0
402355.0	402439.0
404711.0	404939.0
405571.0	405627.0
409843.0	409915.0
411323.0	411459.0
412223.0	412287.0
413495.0	413555.0
413907.0	413975.0
417287.0	417443.0
418671.0	418771.0
420763.0	420903.0
421175.0	421299.0
423215.0	423379.0
425055.0	425107.0
427099.0	427211.0
428131.0	428551.0
433211.0	433371.0
433995.0	434103.0
437027.0	437175.0
438467.0	439007.0
440615.0	440711.0
440983.0	441059.0
443227.0	443279.0
443463.0	443567.0
446191.0	446243.0
448603.0	448739.0
450015.0	450087.0
452163.0	452307.0
454603.0	454775.0
457951.0	458039.0
459739.0	459827.0
465555.0	465711.0
465835.0	465891.0
472467.0	472767.0
475287.0	475443.0
478787.0	478947.0
479403.0	479491.0
482915.0	483419.0
483543.0	483959.0
484075.0	484291.0
485039.0	485107.0
485243.0	485439.0
490603.0	490695.0
492023.0	492103.0
494307.0	494427.0
496579.0	496727.0
497047.0	497131.0
498071.0	498191.0
499943.0	500103.0
502539.0	502603.0
502735.0	502883.0
505911.0	506027.0
506787.0	506919.0
508587.0	508643.0
508811.0	508947.0
511075.0	511199.0
512955.0	513119.0
514383.0	514491.0
516439.0	516647.0
522175.0	522231.0
523443.0	523595.0
524771.0	524847.0
526691.0	526807.0
527403.0	527591.0
528743.0	528795.0
531695.0	531771.0
532647.0	532815.0
534827.0	535103.0
541747.0	541807.0
543423.0	543511.0
544955.0	545143.0
555115.0	555175.0
555663.0	555735.0
556739.0	556803.0
557607.0	557947.0
559047.0	559139.0
560423.0	560499.0
567891.0	567951.0
568411.0	568467.0
568639.0	568711.0
574711.0	574791.0
576567.0	576671.0
576787.0	576843.0
579171.0	579371.0
581411.0	581463.0
581799.0	581943.0
582075.0	582143.0
584619.0	584783.0
589515.0	589755.0
591027.0	591143.0
591591.0	591703.0
592551.0	592611.0
593039.0	593095.0
595955.0	596031.0
596303.0	596507.0
598783.0	599283.0
601239.0	601307.0
601455.0	601623.0
605235.0	605295.0
605595.0	605659.0
606015.0	606103.0
607199.0	607287.0
609135.0	609407.0
609667.0	609915.0
610083.0	610163.0
610271.0	610347.0
611791.0	611863.0
616115.0	616191.0
617871.0	618039.0
620003.0	620219.0
627139.0	627299.0
634115.0	634239.0
635555.0	635623.0
636419.0	636495.0
636947.0	637039.0
637659.0	637755.0
639567.0	639675.0
640503.0	640727.0
641855.0	641967.0
643895.0	643983.0
646891.0	647043.0
648111.0	648259.0
648967.0	649243.0
650919.0	651183.0
656471.0	656683.0
659727.0	659791.0
659899.0	660031.0
661875.0	662075.0
666179.0	666247.0
667839.0	668031.0
670163.0	670315.0
671979.0	672067.0
676383.0	676543.0
677599.0	677875.0
678491.0	678583.0
681239.0	681319.0
687715.0	687823.0
695175.0	695367.0
698431.0	698539.0
698843.0	698903.0
699843.0	700087.0
702655.0	703247.0
706443.0	706503.0
706619.0	706671.0
706811.0	706935.0
709299.0	709411.0
713103.0	713191.0
713507.0	713635.0
715067.0	715159.0
715295.0	715395.0
717203.0	717267.0
718651.0	718795.0
720175.0	720323.0
726503.0	726671.0
726843.0	726939.0
729795.0	729939.0
730875.0	730991.0
731259.0	731339.0
735407.0	735467.0
736431.0	736519.0
738359.0	738415.0
739207.0	739383.0
739667.0	739835.0
741911.0	741967.0
742139.0	742247.0
745567.0	745647.0
746579.0	746727.0
750147.0	750339.0
754027.0	754143.0
756531.0	756663.0
757487.0	757599.0
761167.0	761319.0
762203.0	762387.0
766167.0	766243.0
766431.0	766519.0
767299.0	767459.0
770343.0	770495.0
772383.0	772435.0
773739.0	773799.0
774427.0	774579.0
777983.0	778131.0
779347.0	779403.0
780071.0	780159.0
780259.0	780327.0
781547.0	781683.0
785631.0	785711.0
787015.0	787203.0
788227.0	788323.0
788443.0	788611.0
788763.0	788827.0
792919.0	792983.0
793107.0	793211.0
794503.0	794579.0
795687.0	795839.0
798259.0	798455.0
800183.0	800371.0
801915.0	802151.0
806123.0	806319.0
807795.0	808007.0
810903.0	811111.0
823715.0	823975.0
827315.0	827387.0
828947.0	829063.0
830311.0	830427.0
832211.0	832367.0
834567.0	834687.0
836739.0	837063.0
840503.0	840615.0
842623.0	842679.0
843659.0	843795.0
845743.0	845823.0
846387.0	846495.0
848735.0	848795.0
850607.0	850695.0
850891.0	850951.0
853483.0	853663.0
854971.0	855159.0
857539.0	857599.0
859595.0	859811.0
866179.0	866331.0
867571.0	867731.0
871499.0	871667.0
871803.0	871899.0
875175.0	875311.0
876479.0	876567.0
878515.0	878687.0
879499.0	879567.0
880051.0	880135.0
883871.0	883923.0
884171.0	884483.0
885863.0	886015.0
888395.0	888507.0
888627.0	888743.0
892267.0	892447.0
894379.0	894623.0
897267.0	897423.0
902331.0	902487.0
904939.0	905123.0
905387.0	905531.0
905683.0	905859.0
908883.0	909055.0
910291.0	910431.0
911695.0	911827.0
913411.0	913471.0
914883.0	915123.0
916891.0	916999.0
919519.0	919583.0
919723.0	919775.0
919971.0	920203.0
920307.0	920403.0
921955.0	922087.0
922551.0	922619.0
924519.0	924655.0
930863.0	930951.0
932043.0	932243.0
936923.0	937067.0
939695.0	939879.0
942315.0	942387.0
942523.0	942651.0
944879.0	945039.0
945143.0	945195.0
947020.0	947080.0
947180.0	947336.0
949048.0	949112.0
950996.0	951056.0
951252.0	951552.0
953563.0	953707.0
958463.0	958663.0
959455.0	959543.0
962135.0	962303.0
963110.0	963178.0
965754.0	965946.0
968698.0	968762.0
970178.0	970338.0
974042.0	974262.0
974482.0	974798.0
976818.0	977070.0
977810.0	977890.0
978226.0	978302.0
979474.0	979550.0
982170.0	982382.0
984326.0	984418.0
984714.0	984810.0
985738.0	985822.0
987290.0	987402.0
987658.0	987710.0
989846.0	989922.0
990126.0	990310.0
993778.0	993834.0
994154.0	994206.0
995490.0	995578.0
996654.0	996814.0
999210.0	999334.0
999490.0	999542.0
999994.0	1000078.0
1000290.0	1000586.0
1004306.0	1004358.0
1007454.0	1007506.0
1010838.0	1010998.0
1011358.0	1011418.0
1012306.0	1012366.0
1016810.0	1016938.0
1017862.0	1017946.0
1019338.0	1019398.0
1021918.0	1022110.0
1022398.0	1022594.0
1026002.0	1026094.0
1026714.0	1026882.0
1027082.0	1027226.0
1031554.0	1031742.0
1032042.0	1032102.0
1038202.0	1038282.0
1038546.0	1038718.0
1039342.0	1039422.0
1043138.0	1043246.0
1045538.0	1045638.0
1046586.0	1046706.0
1048558.0	1048618.0
1050098.0	1050154.0
1050286.0	1050614.0
1051850.0	1051946.0
1052366.0	1052566.0
1058810.0	1059014.0
1060090.0	1060266.0
1061666.0	1061834.0
1063194.0	1063598.0
1065226.0	1065290.0
1069298.0	1069366.0
1070134.0	1070246.0
1072738.0	1073002.0
1076186.0	1076350.0
1078426.0	1078598.0
1080986.0	1081190.0
1083638.0	1083750.0
